0.53184165	0.40952920	0.13070729
-0.80963924	0.48965420	0.53207792
-0.50362882	0.61458065	0.46192631
-0.32499442	0.51362271	0.37392118
-0.32377698	0.37157221	0.96130674
-1.12785820	-1.38347636	0.10644438
-1.19805556	0.15268200	0.62709432
0.16050478	0.46460875	0.55639730
0.64042352	0.25382196	0.05048796
-0.35816507	0.14941550	0.93081569
-1.29604438	0.28642188	0.12931457
-0.08784181	0.23140337	0.31835373
-0.25154562	-0.06455435	0.59676964
-0.20443973	-1.12703107	0.80037024
-0.18457232	0.45158334	0.02467621
0.43838965	-1.89590748	0.59636601
0.67224345	-0.77824672	0.89508952
0.16725253	-0.09225214	0.81835002
0.00033413	1.03471589	0.09596853
1.76641231	0.20799271	0.75928999
1.41371566	-0.15038853	0.17805300
0.48114244	-0.70229380	0.16774223
0.24594620	0.03342752	0.92817055
0.16424049	-1.41252574	0.43755743
-1.83378053	0.97709788	0.91109723
-1.30497222	-1.12415520	0.34713524
-0.58778327	0.11982049	0.93839936
-0.59921690	-0.21831197	0.79960671
0.67696571	-0.57184412	0.97322998
0.60049227	-0.38426621	0.88842172
-0.00687786	-0.22257521	0.71423037
0.00589368	1.14861798	0.89855822
0.43100216	0.10777571	0.49517241
0.87735950	-0.02212221	0.65789833
-0.69676934	-1.12873889	0.72086205
-0.33598285	-0.83345524	0.07825929
-0.88785449	1.04234246	0.06530746
-1.08647906	0.03318430	0.78183710
-0.24002401	0.29253603	0.94990574
-0.91098437	0.88391197	0.33605517
1.01042936	0.90284905	0.04271531
1.37316282	0.85280951	0.32607907
-0.40613196	-0.87933466	0.14294502
0.09323595	1.74778400	0.71111595
0.24745557	-0.84252804	0.55423472
-1.67820467	-0.32794418	0.51320625
0.39184431	-0.23455179	0.48954039
0.73289000	0.52215272	0.51587977
0.56909144	1.00238831	0.56750830
1.96105074	-1.37304503	0.26443997
-0.55212293	1.35290919	0.48584422
-0.42041031	1.14124095	0.91338291
-0.19760184	-0.70026759	0.51782135
-0.08746259	1.42505845	0.12166978
-1.29025879	-0.35437947	0.44596445
0.09716913	1.06024654	0.15256922
-0.86926196	-0.45589391	0.36449029
-0.51594212	0.51118165	0.00357925
0.34051763	0.13815507	0.30353323
-0.53575588	-0.06900769	0.41117813
-0.16907229	0.38621975	0.69270801
0.48077818	-0.41203406	0.42148351
-0.50120663	0.53824735	0.85441356
0.25375695	0.60969811	0.05225335
-0.23692270	-0.55344793	0.48049627
-0.78256346	0.23950439	0.77673689
1.14398174	-0.47770875	0.67174872
0.66479784	0.25055642	0.77952621
-0.49907475	1.14233700	0.26670955
0.41873361	0.01581943	0.93050280
0.71651559	0.36159130	0.11616339
-0.08229960	0.64861139	0.30298744
0.38825011	-0.46187442	0.16775704
0.61289594	0.31118435	0.72639229
-1.27022478	0.90456166	0.51809853
0.73548226	-0.50381192	0.45792205
0.13836263	0.00168233	0.06952966
0.19155978	-0.16289936	0.46916528
-0.76528233	0.41223580	0.79420100
0.49413797	0.76269643	0.60421432
0.01250511	0.50376427	0.36663597
-0.76170286	1.26747507	0.16805314
-0.58812605	-1.69200787	0.81796084
-1.30014516	0.23119503	0.37113193
-0.81082991	-1.20973357	0.63354396
-1.90275762	-1.14821751	0.18885917
0.91528463	-0.60560791	0.66119934
0.95256305	-1.11845757	0.92035538
-0.44264252	-0.07800372	0.38168209
0.01562725	0.04854940	0.55102212
-0.39730404	-0.33603107	0.01684608
-0.11634442	-0.67950295	0.05919962
-1.22847584	-0.27976993	0.65981352
-0.29193348	-1.05183636	0.22202712
-0.92995629	-0.16678165	0.70064002
-1.02587095	-0.50950300	0.97293483
0.24326700	-0.41260774	0.89256119
1.08040797	0.12412312	0.13797785
-0.35831057	-1.09019561	0.53245200
0.55005370	-0.19624393	0.24397706
0.18368627	-0.22662904	0.79971427
-0.90615670	1.18181975	0.91744850
-0.24552185	0.14120333	0.32711315
-0.36733924	0.74158409	0.19727490
0.08693960	1.66763766	0.31252016
-0.03356669	-0.49391479	0.04922829
-0.19802575	0.12128187	0.47179737
-1.13892885	-0.11353678	0.18921269
-0.09810644	-0.14428306	0.67743471
0.21152358	0.19407611	0.79100568
-1.22075652	-0.47196643	0.50400310
-0.10395194	-0.90126223	0.48652540
0.63493878	0.91115204	0.13494226
1.05329292	0.27313591	0.53005289
0.54897249	0.37987213	0.09320259
-1.24415916	1.12362953	0.11979747
-1.48660043	1.35365466	0.68256154
-1.72577000	0.12527028	0.49454980
-0.54846315	-0.98074123	0.71920633
0.74818420	-0.20049973	0.31546154
-2.19897497	-0.93881682	0.62960242
0.12548767	-1.19790423	0.74176779
-0.18878631	-1.15943884	0.91252845
-1.19780884	-0.26009680	0.85035234
0.58486316	-1.00336924	0.35929141
0.27326595	-0.22776854	0.81823182
-0.47579507	1.38737633	0.41160278
-2.75209330	-0.92342386	0.18691429
0.56461384	-0.46264259	0.08721871
0.07711123	-0.13293499	0.69429589
-0.37380097	-0.20497799	0.24462697
0.27055755	-0.02109341	0.26049481
0.06252626	-0.36111389	0.22712494
0.44010689	0.25763065	0.19642437
-0.25412486	0.18330369	0.44620066
-2.05815067	0.56273353	0.19712709
-0.42233081	0.52039164	0.40116133
-0.04786864	0.88979852	0.33439052
-0.13769914	0.94057317	0.00382425
0.48085048	-0.93090753	0.34895487
-0.88793146	-0.24102256	0.64797608
0.40287435	0.72417004	0.26718716
-0.15787155	-0.24133463	0.52624612
-1.40988460	0.48346601	0.02784385
0.60507901	0.09242770	0.13797770
-0.66170329	-0.38777204	0.21366536
0.32496855	-1.17528853	0.62693397
-1.74172836	-0.35931807	0.86462090
-0.06955420	-1.12751469	0.97187689
-0.45783614	1.28134880	0.46522449
0.19799846	-0.16972795	0.15787642
-0.14011493	0.85802526	0.42268718
0.60081008	-0.65974514	0.32238897
-0.99105703	1.19527196	0.73024840
0.70323130	0.62727194	0.37049057
-0.32320544	-0.12810709	0.98606122
-0.91615135	0.85641284	0.13929977
-0.44599704	0.18103217	0.55410654
-0.16568175	-0.54650945	0.93614558
-0.09847838	0.29012497	0.65735334
-0.28484482	0.14946058	0.31534113
0.46120984	0.92206772	0.68553065
0.49879976	0.12029307	0.87515708
0.98741692	-0.12943255	0.21564117
0.14520172	-0.73871740	0.55851403
1.47580748	1.11753488	0.70764664
-0.48035021	0.52645257	0.82460892
0.27388904	0.47775951	0.85577207
0.13103726	0.27108877	0.20725696
-0.95219156	-0.05073821	0.69690459
-0.17736078	0.97482131	0.52811118
0.31584858	0.41837643	0.82055937
0.71140167	0.80207423	0.69526047
0.25542163	-0.80419577	0.78545660
-1.63754323	0.09609576	0.66202076
-0.94466645	-0.14418124	0.88792366
-0.58690729	0.30739892	0.70374319
-1.08879686	-1.05723393	0.68776290
0.39709507	-0.22498587	0.61600761
0.54723333	0.62136830	0.29105261
0.53396244	-0.22115530	0.04222823
-0.65624455	1.02840195	0.43661836
-0.46563942	-1.00502640	0.33288055
-0.97362068	0.23966599	0.46676888
0.89751698	-0.92558951	0.46068029
-0.05880871	-0.83262511	0.62418064
-0.55184795	-0.42454190	0.00111054
0.80069075	-0.48085086	0.04018541
-0.14678291	-0.53398684	0.44837943
-0.30306104	0.98303500	0.98837714
0.81730863	0.35049953	0.29417028
-0.34474158	-0.16397556	0.50072512
-1.00164608	-0.11520020	0.58831208
0.42833453	-0.08160181	0.17551107
-1.75634195	0.15167384	0.19599552
0.06942595	-0.29496988	0.04681156
0.37683493	-0.19682206	0.94802863
-0.24716831	0.91852863	0.34389088
0.20644730	-0.02062051	0.98417587
0.15572106	1.11056274	0.68451670
-0.39644100	0.54052081	0.94978547
1.05525168	0.71934896	0.12615538
0.41807149	0.67747250	0.22910565
-0.39138755	-0.22480646	0.13383789
-0.70524521	-0.25296688	0.86129674
0.13319436	0.88972156	0.02971987
-0.51017988	0.11291074	0.14214301
0.75486007	0.81840055	0.25333299
-0.33800950	0.71479352	0.43405135
1.00771609	0.69265087	0.55428842
-0.32895198	0.34460724	0.39128365
-0.31311894	-2.26125194	0.85124707
0.24335984	-0.69427343	0.08594324
-0.09741853	-0.95988529	0.64352990
-0.60353198	-0.19118072	0.56685273
1.05722704	1.54823144	0.58775526
0.45691783	-0.66432066	0.42826872
0.44364881	-0.96094654	0.09917373
1.22619982	0.66688022	0.94204502
0.13642044	-0.82793680	0.05015169
0.50968389	0.31523812	0.33374549
0.01896938	-2.23969846	0.71014280
-0.81331527	-0.04183362	0.34907861
0.21078039	-0.03917926	0.87641554
-0.37874436	-0.37606720	0.24223122
-0.23537667	-1.41641491	0.76118086
-0.12896642	0.70760993	0.18607072
0.90491065	-0.51302214	0.32510064
-0.57855611	0.55412509	0.09598297
0.40809015	0.38826950	0.56801774
-0.57122951	0.86019215	0.87498866
-0.27687958	0.06709727	0.82919819
0.13590191	-0.79343178	0.62709900
1.34304112	0.26903346	0.29856694
0.04625857	-1.00185583	0.69409890
1.39299802	1.34898509	0.56985422
-0.14434957	0.04888124	0.04155456
-0.02889678	-0.69902269	0.46686199
1.21985949	0.21286393	0.90182791
-0.69806691	0.41846730	0.41132258
-0.86182369	1.47298020	0.31598349
0.19965941	0.35050102	0.24825230
0.12380888	0.23088266	0.47774560
0.14105571	1.31630376	0.83260795
-0.80129580	0.54177127	0.90975678
-0.30940553	0.57413047	0.40320128
-0.43041415	0.71431764	0.45321681
-0.34473316	-1.24811471	0.11422234
-0.59553924	-0.57938244	0.30199148
-0.45974160	0.13009380	0.95125840
-0.45732791	-0.62858937	0.16003391
0.70467109	-0.14704060	0.22060745
-0.89458815	-0.28661584	0.19701204
-0.38732931	-1.13986633	0.83502626
0.12617976	-0.08408393	0.77137479
0.38538040	0.08087485	0.81433382
1.18366648	-0.13995723	0.76453927
0.30040303	0.80463554	0.46463920
-1.53149211	-0.53176020	0.94198888
0.37210563	-0.75548525	0.80305918
-0.44762743	0.44341309	0.06248596
-0.48363087	-1.14352317	0.02429076
0.09375955	1.10401853	0.17437801
-1.00081523	-0.10592858	0.92456214
-0.58429132	1.05536180	0.66243663
2.18392260	-0.90605354	0.67619394
0.12068631	-0.05776036	0.32560515
0.18509521	1.30265447	0.95528249
-0.92857545	1.34659171	0.33142464
-0.68455286	0.19682563	0.65978874
-0.11614341	0.32412437	0.21528888
-0.73897684	-1.26617094	0.28073063
1.34741837	0.76884938	0.26672066
-0.14680225	2.25754915	0.00321221
0.61191006	-0.12404637	0.34056083
0.81721896	-0.29120233	0.16141282
-0.48779824	-0.59303414	0.35612501
0.71696207	0.07326345	0.67446791
0.33733945	-0.28468185	0.26358882
-0.71457429	-0.97612941	0.24028450
1.54766418	-0.17685890	0.19240240
-0.14000205	0.71819504	0.88856119
-2.29746099	-0.05866976	0.02694684
1.52312590	0.60653860	0.25694746
-0.23753879	0.77001079	0.66625063
0.25608233	1.04085832	0.06096008
0.42233700	0.31018046	0.47889933
-0.42658126	0.36748611	0.31905674
-0.26292561	0.75783122	0.59353232
-1.02821553	0.25463775	0.15297806
0.93578764	0.06725340	0.98364228
1.14644679	0.25006269	0.56328575
0.22736416	0.20887361	0.30984789
-0.24178456	-0.35152304	0.93256759
-0.64014834	-1.09956613	0.15372652
-0.49384105	0.22509790	0.10517862
0.61475893	-0.23389819	0.10099579
0.59661080	-0.89530139	0.26452648
1.59072193	0.23884470	0.81285239
-0.31788182	-0.26841755	0.94494054
0.96169927	1.03700232	0.73880685
1.71024250	-0.13130064	0.44098684
0.03626826	0.33394432	0.49571943
-0.99344376	-0.83517755	0.31654594
0.26137480	0.21210344	0.00984373
-0.36771740	-0.51500262	0.97535972
-0.75619673	-0.12387361	0.46785742
-0.09767661	-0.37391321	0.91815813
0.67825416	-1.67110210	0.71230386
0.11229577	-0.36655647	0.28430264
-0.31877536	-1.36409781	0.59473957
0.51152247	-0.02011462	0.78079514
-0.13119771	0.66947141	0.71133729
0.43522692	0.49042420	0.26143292
-0.11648888	0.12964033	0.26606654
1.04855639	-0.99180118	0.12536895
-1.43647729	0.15887492	0.98772637
-1.31580618	-0.11384830	0.77280649
0.38079008	-0.35772540	0.39220284
-0.36989140	0.51843561	0.96961844
-0.54727274	-0.55726864	0.26902762
0.36201903	-1.00099603	0.07280868
0.06761603	-0.11834493	0.65697972
-0.80331421	-0.98232650	0.98357206
-0.41348267	0.46724751	0.49371811
0.52496866	-0.76167267	0.48313432
-0.39596931	2.24680456	0.37601572
0.48451783	0.06152219	0.10007770
0.64062088	-1.27108070	0.78237600
-0.23818061	0.29485828	0.22370176
0.19038385	-0.07239928	0.46278210
-0.38560563	-1.19916531	0.87542417
0.53037998	0.99747890	0.27364874
1.90566856	0.23069734	0.03566879
-0.73400038	-1.13590366	0.82416791
0.25382215	0.34329063	0.70137948
-0.49012697	1.22504770	0.22576950
-1.00874233	0.16082053	0.35375180
0.56477671	0.87733803	0.44468117
0.25013094	-0.92256807	0.56241166
0.10281380	-0.22145679	0.76088900
-0.04908095	0.43296294	0.12417739
1.29320726	0.94121227	0.00106556
-0.29323461	0.85932216	0.87147688
-0.64563526	0.48100942	0.66882865
-0.52073576	0.53708483	0.03158900
0.89194774	0.00548201	0.87194501
-0.20995137	1.95613722	0.04775822
0.37620738	1.00299853	0.86603385
0.49017297	0.34262455	0.00959522
-1.37822923	-1.26179111	0.74012286
1.39412358	0.47348351	0.29395804
-0.41250730	-0.31758533	0.42314741
0.03292374	-0.43741789	0.59697562
-1.39466528	0.33539471	0.09451081
-1.07996086	-0.18463796	0.16193772
-0.41893195	0.02150829	0.73881374
-1.79005763	-1.03929021	0.99216936
-0.03975636	0.76822689	0.76469940
0.18632266	-0.57167764	0.10837253
-0.05759996	-0.36993388	0.38520004
-1.11718452	-0.39964795	0.49408384
0.61570803	-0.51598722	0.75773468
0.32130444	-0.92569681	0.19454865
-0.14714669	-0.73698897	0.46489776
-0.71233093	0.09757500	0.12805846
-0.61880428	0.41653608	0.17639210
-0.09767897	0.53783453	0.36406476
-0.21468930	0.47100540	0.19254966
0.11720849	1.16870014	0.47513248
0.38646618	-0.95810447	0.49721691
1.11628596	-0.26831197	0.05505836
0.59556823	0.40903589	0.21993705
0.03547268	0.26492283	0.44247353
0.25387483	0.76102995	0.85266905
0.84967782	0.79168173	0.99280532
0.93139762	-1.18772250	0.19632918
-0.70864264	1.27205724	0.13817737
0.62064829	0.50909124	0.81165165
0.69938151	-0.17800149	0.96408734
0.53847377	-0.51983819	0.50106569
-0.32685442	-0.70772214	0.95571241
-0.76028619	-0.89902341	0.70100619
-0.66392192	-0.76618377	0.29655613
0.72757198	0.35925261	0.84902007
0.89761153	0.23130706	0.70775523
0.11189355	-0.61175916	0.70111801
-0.41181336	-0.55679470	0.93324215
-0.42285117	-1.92358516	0.49830838
1.30929361	-0.31953538	0.83298605
-0.99774176	-0.35522228	0.96049156
0.50597614	0.23690974	0.46822862
1.56692615	0.36767203	0.39775939
0.42475683	0.00656544	0.55614028
-0.75315856	-0.00097980	0.78011112
-0.72639897	-0.62326124	0.13505349
0.06605288	0.89860297	0.10877849
-0.71508031	0.89599374	0.85311376
0.99476511	-2.04604478	0.12024202
0.41477583	0.36139218	0.08002840
0.06370647	-0.93629607	0.11775617
-1.06645683	0.23356324	0.97844816
0.08403256	-1.44097136	0.55985642
-0.26145203	-0.01937052	0.39004481
0.05446157	1.07145161	0.35800217
-0.10928544	-0.64120978	0.19249319
0.66222929	0.93375016	0.60684139
-0.33893619	0.42163261	0.49615664
-0.58623971	-0.63135158	0.13560515
1.25819793	0.58115434	0.57278679
0.87394119	0.11719614	0.23994253
-0.84767099	-0.53114931	0.39696272
-0.03346984	0.56504727	0.91234747
-0.43584811	0.50710187	0.89981841
-1.42021720	-0.33712941	0.83069731
0.21712436	0.19758673	0.20668755
-0.25830208	-1.63611978	0.27307256
-0.13329835	0.41995693	0.60350707
0.56599530	0.40841796	0.21781524
-0.41557357	0.49591086	0.69107645
-0.46854518	-0.23289242	0.32765519
-0.18610758	0.83329474	0.88288854
-0.49517666	-0.08890700	0.70655132
-1.04990747	1.06431543	0.81205891
0.19784666	-0.08563201	0.51399231
0.09062635	0.15696919	0.21712802
0.72282672	-0.03910912	0.45650527
0.95793813	-0.32613326	0.32925225
-0.32409634	-0.13841586	0.50879120
-1.46998019	1.20667677	0.57440408
0.21197688	-1.27439769	0.42803905
-0.51751202	0.37050987	0.02691340
-0.04927959	0.07309739	0.73427054
-0.08146825	0.01794786	0.83589419
-0.65141194	0.34181110	0.07358551
-0.13174312	-0.13788109	0.85879183
0.43623059	-0.27014296	0.36395973
-0.91388929	-1.52454938	0.79962860
0.06737210	1.00623064	0.72500790
-1.50837263	0.14972267	0.85175133
0.03893267	0.76878984	0.79311184
0.82201196	-1.15208648	0.39866818
0.18591562	0.18447731	0.98789191
0.72946450	0.18567298	0.32487203
-0.63854433	0.40593441	0.52715088
0.20948491	1.42827892	0.80434289
-0.05797865	-1.88313031	0.23284310
0.05688391	-0.94299838	0.21714026
-0.07082241	0.10802351	0.74529297
-0.23067332	1.42177133	0.89882476
-0.17077072	0.00889777	0.67440527
0.17048524	0.33411931	0.68809027
1.15961382	0.94508988	0.27061532
-0.08092268	-0.11039126	0.61967891
-0.90093164	1.84851889	0.15638273
-0.20281968	0.84656996	0.10449887
-0.17729637	0.15486868	0.24034543
-0.95889924	-0.36520059	0.71441036
1.12878201	-0.12576387	0.20023520
-0.60441963	0.23277796	0.15976768
0.11283404	0.14094236	0.05186156
-0.44168855	-0.29266474	0.37998006
0.63074305	0.23699342	0.96039134
0.52539643	0.42006628	0.61446093
-0.02849940	-0.18700599	0.91388009
1.42524383	-1.19374341	0.37128971
0.84157418	-0.84244732	0.60178351
-0.18418118	0.28388660	0.45354340
0.53384566	0.77703455	0.05670553
-0.39653010	0.50576862	0.88727778
-0.07791516	0.11110778	0.40394219
-1.26390691	0.13683772	0.86711399
-0.51594150	0.17097862	0.88772879
-0.46955045	0.08715737	0.36654457
0.89563408	-0.88381953	0.68751630
-0.56605345	0.14099594	0.16215582
-0.08737470	0.15123657	0.49044442
-1.20975599	-0.78391725	0.10648641
0.31496953	0.97126552	0.37938388
-0.00311811	-0.60169974	0.07755064
0.46731163	0.96463073	0.71977544
0.42993909	0.03337235	0.02334979
0.27860575	-1.36523798	0.81632319
0.64774652	0.18879195	0.30449123
-0.70630706	-0.85607928	0.98374903
0.04679684	1.34339281	0.09003918
-0.12728795	0.44435221	0.23532814
-1.17920532	-0.83556016	0.56274724
0.46306160	0.92262043	0.25193192
0.13538925	-0.87267881	0.88455682
-0.96334480	0.00117260	0.88761318
-0.30311682	-0.45668317	0.16544408
-0.00369171	-1.76993695	0.02341427
0.16861754	-0.18480950	0.20564354
-1.05700983	1.53345105	0.71889914
-0.15442027	-0.02423764	0.41572755
-0.52213789	0.39198288	0.41487004
-0.54518900	-0.10226806	0.63071701
0.64796046	-0.99539620	0.30474940
-0.43893156	0.32596813	0.27041851
1.79983400	0.82963815	0.31442155
1.19271330	-0.05345378	0.06316389
0.25428135	0.56109217	0.50466904
-0.37217729	-0.29784558	0.28745440
0.54532773	0.15740329	0.95971886
-0.13152242	1.35404206	0.48144879
-0.65931312	-0.34522536	0.42289812
-0.77679073	0.67963017	0.38579274
-0.90810263	0.12566558	0.56913513
0.81390097	0.67930005	0.16863573
0.09120726	-0.21334318	0.55362701
-0.30969382	-0.24352228	0.62558275
-1.33816970	-0.05417561	0.95940790
-0.57271597	-0.55691509	0.29814719
-0.57059250	-0.59619703	0.65962365
0.77949352	-0.44393005	0.48608493
0.77223601	-1.29659162	0.19032891
0.91225168	1.67289606	0.19543141
-0.49558346	0.46431463	0.22519409
0.58435254	0.68130873	0.59271737
-1.00629440	-0.35860904	0.03166743
-0.09243403	0.72295672	0.10083186
-0.33997549	-0.75393230	0.31841669
-1.32229809	0.42732187	0.29576270
0.38069241	0.07092339	0.24638094
-0.86847104	0.23137727	0.71617618
0.05257211	0.73087502	0.39509256
0.40611508	1.07212434	0.59512118
1.29518043	-1.15329251	0.66233443
-0.02736395	0.76332138	0.38683333
-0.01389418	-0.79900245	0.85543839
0.13745125	0.15277896	0.88271112
-0.58616390	-0.35198565	0.64130413
-0.66674051	-0.78449276	0.07383426
0.23167526	-0.07142465	0.88371010
0.04592188	-0.10857706	0.52815667
-0.44869984	-0.02346911	0.37588231
-0.37852286	-0.27983474	0.86819806
1.12616248	0.17423276	0.45753671
-0.40216304	0.34838314	0.88798338
1.06655131	-0.95168433	0.58048912
-0.64145433	1.25618797	0.43931625
0.00979742	0.07677659	0.20565530
0.65431018	-0.61114137	0.58747125
-1.08033535	0.83002747	0.87585178
0.27452542	0.62845001	0.13262287
-1.18195693	0.96453881	0.13295733
-1.57802404	-0.45649338	0.87022193
-0.23084425	-0.83342634	0.19024481
-0.57396772	-0.20694848	0.89160279
-0.84660056	0.53995165	0.38823282
1.92749912	0.15956536	0.90593665
-0.31859664	1.51337256	0.85007375
0.38162873	1.63883499	0.21008711
-0.05154566	0.86427153	0.89638534
-0.09945531	0.58077423	0.61906616
0.34937147	0.05293736	0.68184228
-0.18782674	-1.48674235	0.21042281
-0.97881161	0.12521581	0.81929945
-0.01577399	0.08207976	0.51737442
0.06194394	0.31853073	0.62892455
0.83671612	0.32820205	0.42767677
-1.16345118	-0.64984878	0.94302905
0.72219733	-0.25306061	0.44147678
-0.50226777	0.18219713	0.89431707
0.46735164	1.26110708	0.77670905
-0.49879756	-0.09796882	0.35780042
0.17140575	0.39899749	0.57117588
-1.50781160	-0.11489983	0.03986219
-0.82597390	0.18012434	0.99819872
0.57488741	0.05131160	0.04608810
1.18158971	0.34427727	0.09713283
1.25096720	1.47874019	0.06325252
-0.63154979	1.02175881	0.21602073
-0.17426451	1.41031377	0.07214743
0.18476660	0.79662962	0.20589370
0.23784237	0.38560576	0.14433976
0.52673973	0.46652523	0.72989561
-0.60611298	-0.12034005	0.36273462
0.54953179	0.25709969	0.90193615
0.96095115	-0.94738232	0.04724909
0.22289767	-1.62370312	0.19903488
0.06607296	0.57874615	0.13927663
0.42351933	-0.18678882	0.39902441
0.25876132	0.27176842	0.87384149
0.11471735	0.63116121	0.33049744
-0.09849970	-0.36923932	0.29364465
1.01752526	0.16138908	0.64019711
-0.44028821	-1.01508934	0.15443524
1.10269172	0.60541508	0.87524055
-1.33822130	1.32032692	0.54215956
-0.40570673	0.18251142	0.15184081
-0.09781437	-0.12973098	0.27295719
0.75588601	-0.29573422	0.45587791
-0.48133342	-0.40008258	0.01803420
-0.24660660	-1.06383104	0.16394013
-0.99959506	0.25914530	0.69833170
0.05478578	1.64677313	0.56618390
0.15547822	0.07800158	0.72587030
-0.57548373	0.32481027	0.51517594
1.31497590	-0.16839801	0.18380507
-0.94411247	-1.17340592	0.91647652
-0.35300617	0.25513852	0.67916555
0.88380919	0.31843285	0.46480188
0.20910190	0.34578312	0.76943296
-0.86993001	-0.98010149	0.42184885
-0.14603058	-0.86233506	0.13204412
0.53884752	0.37046575	0.83417857
0.33933637	0.58604806	0.18876458
0.10895668	0.38188009	0.62664443
-0.13684066	0.36129889	0.83562305
0.35700686	0.52573666	0.63304145
0.46525165	-0.98220654	0.93525428
0.26861419	-0.72519676	0.37815316
0.38758780	0.84971794	0.01457500
0.85667112	0.30452586	0.07685732
-0.80361428	-0.06964342	0.11710649
0.02309362	0.16147439	0.38793926
-0.71001503	0.96614943	0.98298601
0.78148539	-0.33998697	0.34776468
0.00837953	0.60758207	0.72665621
-0.90722538	0.50181423	0.71589248
-1.44886811	-1.41724602	0.51683682
0.59484511	-0.11681502	0.10034018
-0.15258776	0.45172380	0.36459133
0.46877904	1.41693559	0.37589349
0.99442656	-1.32822430	0.88787778
-1.39631071	0.74957609	0.42534874
-0.02774676	-0.01169445	0.84894131
-0.53597152	-0.02977025	0.85661799
-1.82459971	-1.09263850	0.35107336
0.39600900	1.07439423	0.39039658
-0.26940007	1.26363226	0.09786031
0.51883353	1.09635916	0.93228578
0.28292940	-1.07826164	0.03848380
2.01113248	-0.07709953	0.47935759
0.06449822	0.55592076	0.03280879
0.06342807	0.68153595	0.60030275
-0.91717289	-0.45524351	0.49092840
-0.32424594	-0.05400203	0.27616104
-0.47824196	-0.24849597	0.82047742
0.90058816	0.02778687	0.48254376
-0.20910011	-0.40109242	0.96888556
-0.28740978	-0.81100047	0.06233544
1.17746281	0.13950388	0.47326121
-0.26979925	0.96321165	0.38625563
0.65955381	0.25373196	0.93367471
0.71101970	1.25933364	0.09701031
0.59973592	0.93785179	0.54699422
2.14018523	0.40462117	0.80228609
-0.42560323	-1.06321584	0.70065755
-0.04176808	-1.63676522	0.01568684
-1.76374284	0.66621827	0.27154998
0.57173892	1.14535357	0.37593088
0.12070670	0.41804758	0.63089945
-0.51170512	-0.06767166	0.48869504
-0.56739544	0.83880464	0.84322739
1.97931806	-0.00392418	0.17538029
-0.70636884	0.22662530	0.32921847
0.30017974	-0.15710735	0.15057715
0.25537121	-0.41904987	0.06315847
0.34634657	-0.84138002	0.35263112
1.58655525	0.28056172	0.87754335
-0.35086390	-0.07547043	0.95897417
1.30950717	-0.05555935	0.11784995
0.24407373	-1.06042060	0.35726854
-1.03474840	-0.18784991	0.37076378
-0.61245544	0.03690314	0.58503575
-0.67915724	0.02139914	0.05482779
0.19076733	0.24585685	0.46645713
-0.25179049	-0.97136353	0.33277244
0.15061569	-0.47874202	0.71296461
-0.21961397	0.17570056	0.32841770
-1.05323549	-0.25101497	0.75508723
0.29115272	-0.44543306	0.09027151
0.22043923	0.64392502	0.20236604
-0.93659649	0.42748718	0.45149817
0.93374456	-1.12702527	0.99185497
0.13922578	-0.76906683	0.32922247
1.09443351	-0.71332512	0.37463076
0.72723456	-0.00632726	0.53297040
-0.17661925	0.33501739	0.22850888
0.54002813	-1.22306325	0.65525856
-0.27522978	0.07588819	0.76868281
-0.16329181	-0.95298157	0.47983082
0.61874571	-0.38531215	0.59778992
-0.13166707	-0.61419117	0.41506304
0.45743848	0.70948329	0.20463177
-0.93312905	0.72838291	0.79982628
-1.06154476	0.10020978	0.63680699
0.46894343	-0.13063430	0.54796730
-0.03423433	-0.76440647	0.46280003
1.02294495	1.99940983	0.21144965
-0.11196311	-0.16071228	0.54722389
-0.87475257	0.83370844	0.08209878
-0.94239344	0.49532477	0.89174831
-0.06487181	-0.34441767	0.10299358
-0.53842769	-1.13419814	0.80227898
-0.02232617	1.36027983	0.13786816
-0.62801173	0.45304281	0.53554488
-0.08065547	-0.29475557	0.68896693
0.58034443	-0.87563259	0.76696772
0.40213930	0.10183815	0.91759330
-0.49804145	-0.98271319	0.27622207
-0.94813126	-0.42971296	0.49416962
1.56963734	-0.06837625	0.86777279
0.70365399	-0.08754841	0.49548890
0.63264345	0.99326018	0.35535947
0.39903846	-0.19693871	0.72347104
-0.05017006	0.87831331	0.94883235
0.27398784	1.16451069	0.76356614
-0.05923159	0.23401605	0.29712537
0.37081984	-0.93499766	0.48374804
0.22497202	0.18869389	0.89336583
-0.42727628	-0.78035889	0.78175938
-0.22452670	0.13533372	0.70576945
-0.55395509	-0.20334013	0.02539679
0.12865604	0.35759965	0.07706814
0.12801718	0.69646765	0.52941605
0.18981410	0.11361862	0.27260023
-0.96786550	-0.18419993	0.00364464
0.52353302	-0.79320102	0.94908802
0.52833869	0.61966148	0.53564397
0.31588073	0.47930283	0.09471989
-0.70031234	-1.37848645	0.38612929
0.76859893	-0.12705518	0.27997369
-0.28027216	0.22796781	0.91504738
0.04520398	0.84713224	0.90246099
0.81166363	0.55025485	0.21871796
-0.60904829	0.65675281	0.13934961
0.46005654	-0.07623809	0.49516623
0.25154196	-0.86732296	0.06449933
0.48522226	0.54626758	0.38454052
-0.76400034	0.47727190	0.31102893
0.92177787	1.13409700	0.02999929
-0.80823258	0.51929611	0.49507975
0.12557741	-0.63842422	0.62914245
-0.29125304	-0.26278621	0.49791872
0.09879512	-0.30158273	0.24764192
-0.88518218	0.06115418	0.25322813
0.21726047	-0.31650368	0.27129117
0.18532642	0.31731733	0.53546440
1.68159099	-0.51528060	0.25100179
-0.19085853	1.37389869	0.73783364
-0.20431126	0.84780637	0.60698385
0.03275551	-0.76183725	0.69566470
-0.24331915	0.38864877	0.94309457
0.72410139	-0.95825409	0.51371288
-1.35617314	-0.63804050	0.19562294
-1.52255310	0.05042350	0.17302966
-0.67921004	-0.28597980	0.90084835
1.31630064	0.48937448	0.95202816
0.03053299	0.18965582	0.94467495
1.02257173	0.17393643	0.77764956
-0.72488219	-1.09999336	0.75465945
0.32067965	-0.07991824	0.56223351
-0.33825399	-0.19852729	0.61985863
-0.76803101	-0.38283804	0.86168603
-0.27986591	-0.05819495	0.19809556
0.02140263	0.09090775	0.96721529
0.55006081	0.32612732	0.50918344
-0.09013007	-2.02282151	0.68523479
0.60437677	0.54347678	0.92299363
0.56722664	-0.89591063	0.62684889
0.95754012	-0.15754511	0.17360571
-1.74348992	-0.94735564	0.22822935
0.62319811	-0.04726186	0.52325785
0.69444639	-1.09720855	0.72732033
-0.27347172	0.81739607	0.78106833
0.24545231	0.24522891	0.05549439
0.53262332	-0.13306935	0.00050113
-0.70674853	0.43505873	0.91055510
-0.03098129	-1.17420637	0.01728902
-1.33591153	0.10874064	0.96010398
0.07756752	-0.30250055	0.91449342
1.50075080	0.23280398	0.35564526
0.16918583	0.20746896	0.11676674
0.18106438	-0.01063996	0.96755143
0.15244464	-1.32170823	0.57040088
-0.47405814	-0.18964094	0.06976892
0.33145690	-0.24953548	0.82973713
-0.92338524	0.31736104	0.30659853
-0.15620106	-1.55798486	0.52092214
-0.01426042	-0.72542633	0.94503516
-1.11916960	0.74667082	0.38202065
-0.35330543	-1.36783931	0.53567014
-0.80901662	-0.74255601	0.37730888
-0.25554120	0.99363287	0.69291037
0.57867143	0.12129513	0.34946969
-1.23046332	0.00180230	0.72875056
0.06438412	0.13279242	0.83123796
0.60456791	0.27206952	0.21825771
-0.37778936	-0.53279255	0.02951108
-0.32645352	-0.80218005	0.14087505
-0.13688100	-0.77709347	0.17065290
-0.51678092	-0.21265462	0.59659425
0.36523811	-0.07725396	0.93742235
-0.28758279	0.27916042	0.00371790
0.30462713	1.02567309	0.38523447
0.34404726	-1.37266525	0.88132654
-0.49753002	-0.81123619	0.60105513
0.58889652	-0.98044091	0.24396179
-1.53524377	-0.09085448	0.23453777
0.28519366	-0.00971936	0.36412012
0.41906462	-0.11300045	0.63104268
0.20211161	-1.22955032	0.73336714
-0.53292851	0.44691025	0.31087959
-0.78181178	0.38047905	0.60989679
-0.18128453	-0.47861974	0.29317434
-0.42790603	0.58013359	0.11086773
0.37003996	-1.71156605	0.65525416
-0.52492599	0.39226863	0.70586465
0.18490524	-2.08478600	0.77371791
0.88124533	-0.01695108	0.79257738
-1.05468409	0.05394264	0.82494959
-0.33316343	0.45566980	0.56093450
-0.59628901	-0.68382821	0.11782423
0.81916533	-0.03972942	0.16381052
0.11946447	0.22118294	0.33018141
0.44444397	0.54259130	0.02915527
0.27188938	-0.23421054	0.03535259
-0.04241124	1.41708116	0.74246096
0.81882551	0.55579131	0.54158761
0.32286209	-0.60938055	0.97262592
0.86901820	-0.49829481	0.61317230
-0.61262293	-0.78254759	0.10253496
-0.90675868	-0.57248146	0.29694958
-0.62645847	-0.86794187	0.47558419
-0.50299880	-0.95881219	0.11482166
0.31114723	-0.06930671	0.38623781
-0.04826359	0.01262591	0.52676176
-0.18474900	1.04021472	0.79473346
-0.39708014	-0.10155058	0.42658636
-2.04222027	0.58287761	0.61415901
-0.55131719	0.52004331	0.76545021
-0.62127296	0.13577298	0.63070173
-0.19767756	0.88349890	0.18653707
-0.71397600	0.48596944	0.69541141
-0.84138342	-0.34005104	0.44586167
-1.22416169	-0.10170978	0.36613971
0.35149657	0.53489029	0.33830829
-0.00123312	-1.69357580	0.11977560
0.84198235	0.08619584	0.71735424
-0.03686262	0.09528325	0.56298202
0.10275761	0.63611190	0.47893700
0.25156669	0.18227714	0.43324003
-0.61125690	0.48426393	0.27557116
-0.44942611	0.35585144	0.01661326
1.15419395	-0.17751835	0.12845220
-0.93604418	0.60750167	0.00684134
-0.50014603	-1.19487502	0.45147295
-0.44516389	0.48069181	0.43915161
-0.98430386	-0.82898444	0.85123888
-0.74996159	0.52374059	0.04245258
0.21096837	0.50796428	0.79098013
-0.28973940	0.07052395	0.87539318
0.58959375	1.07500709	0.61363040
-0.13385953	-1.20726560	0.33970730
-0.51684994	0.66398641	0.13816122
-0.84416022	-0.13588408	0.58463182
0.76564694	0.53544353	0.98057204
0.94695852	0.48326310	0.04486984
-0.43223359	0.27205827	0.16456824
-0.19331490	0.23452080	0.07678649
0.31508592	0.42478932	0.64626202
-0.25960273	-0.84614423	0.38753903
-0.43883059	0.54488276	0.79930613
0.28673760	-0.31624523	0.83402514
0.79341620	0.14371781	0.68470574
-1.07278633	-0.50254657	0.59796221
-0.90955469	1.37554189	0.82837562
-1.35356088	0.70041481	0.02113896
1.45968645	-0.00900669	0.94448800
-0.51039252	0.16411878	0.34162006
0.22060347	-0.23472222	0.13451158
-0.10344286	-1.30567776	0.00632693
-0.61105049	0.04345561	0.63362937
0.87433218	-0.96370927	0.15821804
0.71863872	1.17729157	0.69417536
-0.51969485	0.31249234	0.49176983
-0.82176059	0.23203597	0.79499073
-0.72386755	0.20238663	0.60582668
1.06136513	-0.15099215	0.94829049
-0.79874199	-0.66409342	0.89288517
-0.18450927	-0.00630317	0.36432822
-0.95758491	0.00071713	0.99594097
-0.74717891	-1.52119575	0.18873051
-0.39188287	-0.85675264	0.91197078
-0.12837901	0.03336077	0.87991791
1.43770875	-1.08734361	0.87724960
0.09244944	-0.26634808	0.80802719
-0.04229548	0.64120036	0.10586598
-0.05907000	0.04869808	0.99488022
0.38958791	1.03477020	0.84269731
-0.59461103	-0.02870236	0.40873302
-0.26982997	-0.29012667	0.51155235
-0.69766732	0.96226065	0.74533667
0.17123524	0.06045902	0.16439111
-1.18614145	1.27313905	0.93355082
1.38874515	-0.82960026	0.36838180
2.27333668	-0.60327274	0.05870496
0.36074425	-1.22241328	0.98201197
0.00872560	-0.25573013	0.48318568
-1.09067203	0.13247773	0.01219880
-0.45864063	0.45250477	0.17928663
0.13505312	0.12539533	0.57544830
0.05672676	0.85766545	0.33589247
0.25084238	0.18749124	0.31785880
-0.21244796	0.20102468	0.53705160
0.23206789	0.18956626	0.51420907
0.11735893	0.16102329	0.26702340
0.73814160	0.46171500	0.67761346
-0.58847235	-0.34155975	0.56707216
1.72090645	0.36239257	0.87450334
-0.27780030	0.14803155	0.94035286
0.55494679	-0.84276840	0.64006670
-1.33001337	1.05625446	0.77097215
-1.18645743	0.28856143	0.49864892
-1.04322130	0.82627898	0.56330640
0.53783272	0.20966204	0.11388739
-0.04378045	-0.60451740	0.42668051
-0.56684235	0.18250946	0.07694138
0.01990493	-0.45912651	0.53890600
-0.02018356	-1.11991919	0.12943714
-0.53240409	0.28981987	0.93804513
-1.30475242	-0.27342481	0.77489993
-0.98378821	0.52026303	0.18547691
-0.76635745	-0.36769386	0.79167598
0.35750795	-0.87567786	0.21394817
0.18878249	0.30603133	0.02857050
-0.07062205	-1.53658882	0.38419160
0.32074280	-0.96829012	0.67320510
0.98071450	0.10675549	0.02832078
-0.61808951	0.65580054	0.84769554
-0.06429175	1.52967121	0.67072760
-0.71659501	-0.29835188	0.42545876
0.75280008	-1.31914564	0.61230514
-0.00893420	-0.22659500	0.53971031
-0.77322923	1.24205416	0.92035257
-0.71848587	-0.82274762	0.68924306
0.28540129	0.63395998	0.77557663
0.59810991	0.31850420	0.91385599
-0.96887286	-0.16003812	0.67599785
0.05268883	-1.15135019	0.38011437
-0.50755045	0.59305117	0.25965830
0.58354994	-0.31111769	0.53531968
-0.38234941	-1.09341054	0.88958397
-0.00313282	-0.22038389	0.63997326
-0.19956351	-0.34989011	0.37798950
-0.06387015	-0.71054490	0.33570794
-0.12999363	0.04781327	0.00680706
-0.19653805	1.52915465	0.29494921
-0.36448186	-1.05699036	0.17786092
0.53777383	0.82552765	0.44699786
-0.10685705	-0.15376301	0.16703707
0.87505679	0.55162332	0.88439174
-0.15324756	0.79295727	0.96387647
-0.36896448	2.03169046	0.81113358
0.25086716	-0.34638188	0.67451980
0.26872802	-0.27455508	0.78269273
-0.55519333	-0.15537307	0.13897748
-0.81479952	-0.38743181	0.22938543
-1.86683780	-0.41994395	0.25910586
0.25877848	-0.67048191	0.90766291
0.84636750	0.69702242	0.38532075
0.07118414	0.53471606	0.62161577
-0.81758076	-1.23324813	0.32437684
0.67780623	0.44175542	0.17110481
0.56130634	-0.20662811	0.12497665
0.07199411	-0.59111066	0.86355676
0.27363467	1.09000593	0.80450189
0.25075417	0.20648709	0.22909781
-1.64100558	0.55369093	0.18199279
0.50739027	-0.59776472	0.71191775
-0.42852829	-0.38537595	0.81396979
-0.20863762	0.77202249	0.77508120
-1.17560421	0.88825919	0.16229702
0.41789697	-1.01074617	0.68764525
0.44200205	0.50675785	0.49996151
0.54611863	-0.15687106	0.86707229
0.49448193	-0.55104871	0.47788566
-0.60052091	-0.12313832	0.72864961
-0.22219107	-0.22195146	0.71664960
1.32503091	2.41287970	0.13684460
0.40973183	0.24195396	0.59567720
-1.75419578	-1.51842308	0.82919602
0.09751494	-0.46262719	0.66637861
0.82631984	-1.34036188	0.00815901
0.56979027	-1.41791675	0.92356686
-0.22364325	1.07481505	0.18017640
1.77295585	0.00481316	0.83301214
0.73253188	-0.55275289	0.44368875
0.25389526	0.15842443	0.33650798
-0.25478282	1.01989417	0.68500833
0.12590653	-0.14211797	0.02661314
0.14985369	-0.39364736	0.85171866
-0.30410170	0.03434713	0.75554389
-0.34360761	-1.02137901	0.90374276
-1.13878086	0.81609522	0.04969843
-1.21600878	0.96952284	0.94082328
