-1.81614019	2.07536541	0.99418331
-2.22966288	0.66024975	0.94107844
-0.87961360	1.58025322	0.87412569
-0.11933943	1.48834396	0.89151227
-0.92432702	1.74141903	0.96850238
1.62457613	0.65029958	0.69453074
-1.18516290	2.77610449	0.94868919
-1.98549946	1.96344012	0.91441503
-1.50306366	2.28587413	0.94338413
2.49685164	-1.10995741	0.80230336
1.20739050	-0.26264240	0.77288245
-0.64508225	1.48725403	0.98374831
1.72472138	1.44462692	0.87198757
-2.17944062	0.24696679	0.97530029
0.76486302	1.54685057	0.37603929
-1.74105416	1.50541164	0.91031906
1.60916295	1.91251008	0.34130876
1.42488636	1.90826020	0.95355775
-0.38200759	2.49767055	0.89158159
-1.45585717	2.05871437	0.86833943
1.36621758	1.13396036	0.81553507
1.46875045	2.91637212	0.71699691
-1.27067805	-0.08512822	0.66484906
0.26370442	2.22179419	0.72606056
-2.72022677	-0.22421449	0.97248336
-1.03280347	1.25122551	0.57087593
-1.16806684	0.87440970	0.55007189
-1.20413206	0.79803276	0.72293518
-2.23463385	0.20617883	0.96263752
1.52468810	0.24497538	0.17506431
-1.54042810	-0.06500818	0.77593694
-1.62702612	0.12189668	0.78284448
-0.39516382	1.95168529	0.27660838
-0.61808024	1.72006502	0.55073636
0.08201656	1.34073420	0.63175809
2.46097067	2.44246432	0.93407308
0.07218610	1.85336375	0.46906370
-0.73044436	1.15227109	0.93003383
0.37513454	1.49791254	0.99789822
-1.84558158	-0.29533958	0.97746510
1.84911150	2.97275731	0.62638113
-0.52356010	3.23800514	0.92225893
-0.36288579	0.59427249	0.59347509
1.47971143	2.75276327	0.70522069
2.14569554	1.65055453	0.82394356
-0.71777130	2.95970494	0.58334877
0.37051119	2.40536700	0.99224308
1.03986876	0.42610728	0.76212141
-0.61873648	0.59634509	0.95966264
-3.77602290	-0.27252346	0.76763967
0.14362648	2.36706923	0.79777823
0.80665819	1.32076506	0.96967086
3.16134039	1.57190749	0.73947829
-0.04807509	2.26993580	0.95734914
2.05048237	0.54834120	0.97384390
1.08958676	0.46526895	0.77060894
-2.41739166	-1.07482453	0.76358951
1.48674316	1.79836170	0.89291627
0.15550672	1.98331197	0.88766406
2.95480632	2.03367899	0.80528531
0.09261755	2.35478855	0.54091763
0.49914126	1.16452396	0.89755276
0.61683856	0.95737663	0.67499146
2.64283214	0.91728802	0.33344265
0.31900700	2.94148106	0.80878236
1.60747562	0.87486582	0.72840999
-3.35771133	1.46487058	0.94607110
1.14384558	2.57378764	0.98937197
1.25354104	-0.70440076	0.66020310
0.53104416	0.92036568	0.67410342
-0.53825893	1.49362966	0.84686716
2.05689498	-0.04051672	0.38081017
2.76967697	0.82126692	0.78888239
2.14180767	1.44541420	0.86063672
-1.97682573	0.28778772	0.84419018
-1.60142595	1.49102756	0.77655557
-2.18070998	0.04632920	0.99385046
1.49319762	1.16432770	0.67240828
-0.91235779	0.29591266	0.99698354
1.52388636	1.08837684	0.90586419
0.19552391	2.81358624	0.97140838
1.04529125	1.79711775	0.61876307
1.93995036	2.17521506	0.51960806
0.29333403	2.14560499	0.40342048
2.50739219	0.00820065	0.77849214
0.27740577	-0.79383689	0.78312892
1.50098065	0.85293958	0.23490547
-1.26096124	1.07186584	0.53509514
2.18351871	0.46275386	0.26418288
-1.57841606	1.31952198	0.69053635
-1.74854036	2.27863243	0.76359738
-0.62733031	2.68292523	0.76781004
-1.95042284	1.29107038	0.91006858
-1.87988569	-0.25878991	0.87915233
2.59009321	1.71948479	0.64998394
-1.83343129	-0.82620662	0.94052380
-0.84076296	2.01575719	0.94303169
2.15866274	0.21906243	0.52869022
1.94955984	2.66664028	0.66756895
-1.22220875	2.72656215	0.72463486
-1.93776782	1.69413289	0.70773563
0.53070282	2.96902182	0.93585865
0.25442637	3.77131296	0.88644851
0.73948565	1.35804014	0.94963757
-1.35865298	1.66420713	0.97090734
2.11752810	-0.75714049	0.73027183
1.83578919	0.39070177	0.20022925
1.48550425	0.47052362	0.37063003
0.72871838	1.97891249	0.98268736
-2.71797349	1.58002677	0.85538706
-1.85686056	1.20192747	0.73697247
1.34419212	0.49607795	0.87563369
-0.72249505	2.10211418	0.97596005
0.33370295	1.19561553	0.89557494
2.21452411	0.12886265	0.68042350
-1.22479256	1.47689450	0.96624155
1.61912427	1.59433880	0.61178715
1.16372660	1.61146970	0.88121293
-2.10038875	1.11364669	0.96760351
-2.96339002	0.88787675	0.92915470
2.29210824	0.66876753	0.71617030
0.46574190	0.47187971	0.70616433
-0.31566708	2.44344856	0.96310442
-0.02669412	2.69444263	0.93544574
1.75916807	0.25017612	0.85808405
0.23809815	4.13632371	0.56725820
-1.25166021	1.03783511	0.92723565
2.11897338	2.16226828	0.92569930
-2.36055922	1.09779948	0.68988382
-0.88384709	2.57068649	0.90494256
-1.38283308	1.75118443	0.76856825
-0.42055061	2.88218480	0.91365213
1.72454785	1.78748459	0.81375491
1.26552486	1.58173444	0.83009899
-1.77670310	-0.74035155	0.92439072
1.97469630	3.76041003	0.93773550
-0.08671671	0.04990989	0.73129894
-0.77290908	0.46664851	0.97367313
3.05950064	1.72280361	0.39539464
-0.05841037	1.03528576	0.84389542
1.53654755	2.40023203	0.63224167
-1.17358825	2.31343274	0.83048957
1.82360049	0.38556921	0.36967632
0.90810596	1.47641840	0.72206644
3.07355566	1.77365747	0.97046695
2.07142703	1.91556761	0.04516949
2.46079416	0.09602158	0.60128446
-0.37865992	1.94023517	0.76080963
-0.83590288	1.91152801	0.84643680
1.56559821	2.44197281	0.92457161
0.95859503	-0.36664644	0.29016149
-0.91872987	2.89550066	0.65320843
-0.07117484	1.93912860	0.93893561
-0.02308530	0.64970740	0.94791710
-0.15322130	2.76999638	0.95366930
-1.59441672	1.76157047	0.80646541
2.68397368	2.01303338	0.71539605
-2.19947528	0.06195462	0.94892624
-0.21881046	-0.37895145	0.27824185
1.71848898	2.29383292	0.42655220
-0.86481658	2.62372055	0.85841451
-2.25472674	1.34754938	0.92717714
-3.48214213	0.94025292	0.81371670
-0.64423940	0.88394717	0.76918905
0.46045157	1.27558042	0.74675592
-2.19092257	-0.62156446	0.63578471
-2.69937010	-0.64233295	0.77842744
0.22755189	0.42242502	0.41790484
0.97999169	1.71943437	0.71975561
1.40399139	1.19218237	0.72808950
-0.28530470	2.21521581	0.85910151
-0.47504239	1.80996718	0.85252221
1.53439757	2.34012022	0.25504150
-0.32329633	1.55183291	0.82645585
-2.10517588	0.31220808	0.93236333
-1.68810852	0.53289646	0.71885100
-2.30747538	1.76879574	0.64088134
-2.65797193	0.91431465	0.84244858
-2.50473396	-0.36314120	0.93775501
-0.97348441	2.00820793	0.98930782
-3.11033282	0.11951748	0.62832948
0.53940400	1.86851199	0.84355958
1.39920962	1.68057819	0.72503037
-1.43205373	3.06495027	0.81310378
0.39524470	2.28887146	0.70490425
-1.69032285	3.25543019	0.88571856
-0.07534582	2.30493017	0.98231170
-1.04275031	2.38624959	0.86201498
-2.07693437	1.08507988	0.91218782
2.32649766	0.16295409	0.83456430
-0.28880448	2.43406439	0.69301818
0.82982926	1.15043415	0.97298489
1.33129605	1.20739830	0.70930668
1.49511667	3.19554703	0.87804643
0.09793386	0.35138160	0.85335956
0.11003146	1.30293031	0.73481163
-0.42529395	0.26545311	0.95817030
-2.22888467	1.65838711	0.88503758
2.12183636	2.93914100	0.96953462
0.11092664	2.78003778	0.93679869
1.58305539	-0.09928061	0.51603270
-1.59580406	1.94598566	0.90619121
-2.41407264	1.08032839	0.94836050
2.42523632	0.04827474	0.68418592
1.76699632	1.39709603	0.93986118
0.90541262	1.94670076	0.92169984
-0.13941434	2.83217561	0.85746496
1.40968088	0.53465478	0.83370848
-0.64803843	1.47459109	0.84049762
0.62785568	1.68464017	0.99439581
1.96375760	0.52977455	0.83218954
2.44824585	0.56798500	0.92095025
-1.06098065	3.58905489	0.63555608
-0.61846466	1.03910616	0.91923480
0.69926305	0.57077771	0.56192483
-0.00426121	1.26246458	0.60481310
0.72931692	1.78910310	0.39948815
-0.98924435	1.42836414	0.98068736
-1.78194548	0.42203058	0.96345329
2.25964685	0.77156812	0.77919773
2.43267357	1.20766118	0.75801613
1.36160563	0.94567865	0.50328139
2.02096813	2.16735372	0.71401211
1.09359462	2.79103970	0.49471339
1.34200557	-0.15317072	0.66674554
-0.37883720	1.76929505	0.66022980
0.36616219	1.13814012	0.91719397
-2.07235420	0.31964330	0.91807023
2.46440731	1.83593728	0.45582467
0.16456270	1.68412014	0.96512753
0.04567538	2.56611543	0.84224826
1.11266928	1.17687656	0.79675042
-1.71363196	2.11292690	0.84523689
-0.91712668	1.85980420	0.84699513
2.42001768	1.48775865	0.67335506
-0.83795714	0.99132239	0.93290722
0.56272094	2.80829604	0.72901709
2.31797427	-0.15641173	0.62331606
0.43261293	1.97056518	0.89070958
-1.47744576	1.43225713	0.95159249
-1.20061835	2.12060878	0.96630795
-1.19973996	2.81676432	0.83974667
2.63164771	0.69963891	0.71082417
0.28589229	1.69269364	0.73128154
0.31666841	1.31713176	0.45644188
-0.40738107	0.60232596	0.76411411
0.20130791	1.02377588	0.78483452
0.57570975	2.78404371	0.99448447
0.14981738	1.58203380	0.40385331
2.21690668	0.54923653	0.74031663
-0.15408150	3.30845421	0.97951083
0.66526037	0.47261756	0.79274683
-0.63114693	2.01555689	0.90052540
0.09085019	2.18361341	0.60425208
0.26512846	0.85167178	0.94865432
-2.70028815	0.47675457	0.69889809
1.87569869	0.32070007	0.30772177
1.96215420	0.62725897	0.77852877
-1.89146822	0.46608282	0.88414805
0.82404443	1.15245402	0.83053027
2.49624150	0.64783928	0.79399183
-0.95084407	2.46596864	0.68485915
-2.64306974	0.25988957	0.83727960
2.16943613	0.33224896	0.39171113
1.27964840	1.56626187	0.64708725
0.33409301	2.23167599	0.89334291
-2.36399089	0.75327916	0.42367153
1.79002085	1.27797970	0.86914685
1.04401623	1.22543429	0.93429539
2.70022658	0.81430871	0.80242159
-0.15686573	2.35880413	0.90821939
-0.10984254	1.65186836	0.81445497
-1.33900898	0.99652147	0.95296069
2.56687471	0.89482293	0.14249143
1.06685272	1.22761143	0.74695603
-0.62534950	2.31277726	0.98971811
1.61255976	0.86967077	0.98438367
0.45276219	3.08024605	0.94561638
-1.91066744	1.81768934	0.81000993
-0.56349637	1.63081276	0.90045258
2.59621477	-0.13500229	0.94634745
0.30518849	2.14624651	0.71393794
2.29959080	2.03807875	0.43818008
1.33660785	0.41859955	0.68026839
1.51372312	1.73446362	0.76362274
-0.91742497	2.65031832	0.81216237
1.14560070	0.91525582	0.73570688
1.98618089	1.13772304	0.94947132
1.50510381	-0.59639540	0.32682508
0.32594667	0.34800913	0.91720963
2.45944088	0.26297075	0.13849089
1.55108617	0.59013076	0.67867388
-0.36619139	1.61782164	0.99430446
0.19220136	1.40982306	0.65464895
-2.49896829	2.16454925	0.96191270
-2.07511529	1.84946523	0.63395631
1.92212861	-0.47129665	0.73391676
1.75370097	1.24561532	0.76985817
2.79358249	1.05528017	0.91495228
-2.03266324	2.14838106	0.87872912
-2.41697613	-0.13288686	0.98630369
-0.65995678	2.39719948	0.91801383
1.78463415	0.79895080	0.89534299
0.56612729	1.80077232	0.90420282
-0.16096602	1.26730413	0.84204830
0.96799634	1.21364407	0.85295539
1.38054775	0.20797125	0.53797227
-1.21680529	2.31248548	0.94183225
-1.45703158	2.27460841	0.88630501
1.44106888	1.52566698	0.79726419
1.93516961	2.19265826	0.86279670
1.39666922	1.47337688	0.90139481
-2.50719210	-1.25159101	0.97167585
1.02539106	1.92427238	0.85852488
-2.38061448	-0.68818964	0.99788108
-0.14909268	1.75525202	0.67928885
-1.90300463	0.73956387	0.71099511
0.55542924	1.54316726	0.67836272
-0.52254496	2.67408581	0.84472997
0.26927637	1.18937318	0.87005145
1.47984463	1.42333588	0.97167519
-1.14017378	1.28589319	0.91497893
-0.31505395	3.49946006	0.66085838
-1.82207485	1.62850402	0.89215333
0.92581303	2.67483880	0.47187562
1.33413204	2.77690731	0.68464076
1.32199772	1.10819550	0.80618136
2.64125982	-0.92056218	0.59651327
-0.05204799	1.28798663	0.93638286
0.81963220	1.61004883	0.92159082
-0.70797253	2.09308463	0.57808674
1.75486252	0.59690761	0.99111797
-0.55738693	0.60912581	0.69001666
0.00859982	0.69080461	0.23811499
-1.14821651	1.70017735	0.90513645
-1.99224889	2.49687012	0.43855483
0.94528708	1.51106479	0.80211485
3.15174795	-0.50971278	0.91282200
-2.04884022	1.36747591	0.45169797
-0.28069373	1.29997024	0.86154251
-0.90321902	1.28231293	0.96005395
-0.90408805	2.18258489	0.80481564
-0.19565455	-0.42399225	0.77810087
-1.54525004	0.39806576	0.96981560
-3.61712547	-0.03297559	0.86436952
1.19482283	2.69479625	0.90975927
1.65830352	0.39714309	0.77482811
-0.42166550	2.73025480	0.97170710
0.47532252	1.92459748	0.88423918
-0.96727194	1.58296522	0.81380231
-1.09693549	2.64006962	0.93502348
-1.67960527	0.99239140	0.83436433
-0.59439544	2.04655532	0.88501015
0.71275159	1.73366961	0.58323114
1.45379642	1.97760771	0.30928323
1.59459447	0.76359168	0.83243728
1.95025919	0.89812746	0.66035296
-0.75815164	0.23286779	0.95779140
-1.65030070	2.65692946	0.91249501
-1.11452012	0.54919635	0.98498094
0.10639383	1.32134521	0.82108514
2.23429968	-0.31805695	0.19689693
1.30957727	2.22095312	0.81058623
1.67441655	1.34932927	0.83414279
-3.15171366	2.19186019	0.67463096
2.67914838	0.33209954	0.68395693
-1.48296947	2.06604957	0.96966877
-0.86359672	0.17305881	0.97141978
-0.87514029	-0.12070218	0.89495485
-2.66788523	1.48932081	0.97692275
2.26892042	1.60829709	0.99573729
-0.98213617	1.91669491	0.41232072
-0.99434318	1.72478281	0.91844041
2.05541160	0.63866557	0.33272284
-2.64907331	1.45402573	0.99254411
-1.85490949	0.99803829	0.94213493
1.71347330	2.21493088	0.96773317
1.85739459	-0.01486472	0.86968791
-2.12329696	0.30970932	0.94890956
-1.96138310	2.35378026	0.99767367
0.61881306	-0.36354749	0.95416568
0.48859121	1.23058121	0.95310120
1.11396428	2.23430645	0.88801177
2.15047446	1.04830272	0.79883173
3.38804887	1.39635411	0.49703384
1.69246336	2.36680408	0.97738565
-0.74104137	-0.12601685	0.96613039
-1.82143882	2.49188744	0.92825767
-1.38569255	1.44538027	0.81638918
1.61576783	-0.21891748	0.57326092
-1.16686110	0.20432703	0.94397753
2.79667582	0.17585556	0.90781506
1.66639707	0.39980018	0.19915809
2.34545105	2.35257583	0.51610555
-0.48395415	2.68778702	0.82988476
-2.65526312	0.14326970	0.84893232
-1.39616732	1.47425631	0.81015525
1.85888579	0.08288790	0.21600641
-2.76664953	2.69595334	0.78534824
1.98387604	2.02881807	0.92344096
0.64425330	0.90218303	0.91810381
1.30891413	1.43901505	0.96419405
2.61416852	-0.95427059	0.29298479
0.02933683	2.02138649	0.98751428
-0.46141405	0.45304931	0.85575358
1.04003611	2.67855915	0.82803749
0.55534277	0.64412367	0.90503666
-1.92168256	1.31694363	0.91810565
-0.22943691	2.87436792	0.77509445
2.57593667	1.95415958	0.85670716
-1.24735631	1.94595532	0.87095430
2.00805439	1.37837323	0.86921168
-1.43584272	2.45757205	0.43626841
1.62883959	2.12202144	0.91470835
-1.16822750	0.88046172	0.68119146
2.11164633	0.95249732	0.61988258
1.87176704	0.91339967	0.37700263
1.46435704	2.17215728	0.62875526
2.12100427	0.04685299	0.03200398
-0.78803453	1.62642193	0.76979492
1.51581414	-0.85486247	0.95256962
0.05618780	1.02560375	0.64790365
0.70663648	2.17982077	0.71543676
1.17291186	0.62408000	0.73350387
0.61329926	1.92148810	0.50683317
0.39617740	1.44599778	0.15496241
0.62780820	0.61947675	0.77548687
0.85371460	1.91516221	0.47043698
3.35737637	0.90678382	0.99935830
0.56895429	1.36192667	0.94386330
-1.62584723	0.22078544	0.58430937
-1.05156928	0.88287751	0.92347117
0.54083962	2.74075669	0.97537725
-1.32269681	1.77907383	0.93184845
1.72523924	1.96730172	0.89249142
1.71712912	2.38489594	0.55902925
-0.15839338	1.68162375	0.74945441
-0.76722786	1.24016479	0.81114093
2.57843798	1.17659933	0.50644066
1.16750560	2.83186108	0.76479625
-2.55548904	0.49398256	0.85351686
1.46098869	1.71805457	0.96904662
0.09051464	1.04405706	0.61819662
1.48159855	0.88341383	0.66961863
0.35901197	3.38194503	0.95132631
-2.31673501	0.41829770	0.97404925
1.81503560	-0.05479397	0.49087088
0.22132792	2.57718095	0.42359139
0.05162272	1.39510963	0.73369506
2.09856436	1.10654482	0.19369414
-1.28911882	0.81973163	0.91429576
-0.33119720	1.64901365	0.90320491
-2.00271050	1.15748462	0.95274145
2.48058577	1.41830739	0.19514091
-1.30963111	0.64522476	0.92132543
-1.41543140	1.12084420	0.73739150
-0.35822642	1.16358038	0.99709977
1.11537788	1.93061121	0.68081766
1.30892479	2.46697805	0.94097565
-0.87134412	0.45772013	0.98750939
-3.64449006	1.29710688	0.93922406
-1.83975558	0.53393104	0.99393598
-1.20807362	1.84508046	0.95390123
-2.25460583	0.85718784	0.74034661
1.49530718	1.31993355	0.70585744
-3.00341718	1.82288876	0.94115001
-1.43805221	-0.68283698	0.98072287
0.18198636	1.56967803	0.86305978
-0.24591159	0.86708248	0.70424551
1.52289071	2.66001574	0.34678744
1.90334265	1.71831101	0.66157045
3.58868846	0.51561928	0.49629371
-1.15304464	-1.65945528	0.94320292
-2.09365429	0.94797468	0.94967240
-1.34591241	1.12396978	0.92889529
0.79804382	1.70559325	0.67659426
0.20879834	2.78181885	0.73730407
0.83681178	1.50787866	0.87273614
1.26506824	1.78104118	0.59139066
0.28902249	0.72858525	0.48451681
-0.31110118	1.87234886	0.62068709
-1.76188361	0.17382191	0.97594949
2.00957294	2.87932641	0.60061607
-0.26770841	1.43729945	0.90034553
-2.24002709	0.07680576	0.83275835
-0.81525315	1.68835759	0.91890881
2.05625303	2.63414180	0.49863608
-0.85142588	1.95799550	0.77947406
2.04446463	0.61800588	0.82170852
2.37541872	1.68758384	0.19901137
-1.10701406	0.60547353	0.93505647
-0.30722605	1.08181695	0.83397599
2.40456914	1.65231341	0.28221862
0.90244267	0.40993230	0.63463217
-2.43827486	1.75209666	0.78975341
0.75736717	0.52267350	0.23230228
1.29776800	0.19681224	0.95192762
2.09976495	-0.35758619	0.78484720
-1.79699686	0.12839580	0.92035617
-0.60649339	1.62237120	0.94266373
1.74556066	2.03242024	0.70734238
-1.77505943	1.42611463	0.96709561
-0.81368813	2.62178868	0.70149539
1.05834215	1.52665622	0.67908568
-1.19651426	1.32969176	0.99887071
1.53456668	0.13006493	0.90812405
-1.91103540	0.07105778	0.90698552
-1.63986845	2.40792160	0.44173347
0.79596401	-0.40207355	0.90643893
-0.11958569	2.27598340	0.68788753
0.45691430	1.53420557	0.94407645
-2.11408317	0.23673055	0.86473681
-1.57689548	1.03465447	0.98101440
-1.13868993	0.13860008	0.77628835
0.88255107	1.93616624	0.89080410
-2.13878332	0.68156796	0.97812180
0.95322693	1.42428423	0.96510545
1.71685004	2.74729535	0.89882830
-0.02170611	3.00157813	0.68077790
-0.14471945	2.60629183	0.84103266
1.14456926	2.10675582	0.68047360
-0.00085098	2.35069373	0.94796951
0.01607530	2.29467983	0.58761411
0.54379184	1.73081934	0.68293478
-0.49248071	1.13017988	0.99528235
1.07725886	0.28094979	0.34370786
-1.04343729	2.35535031	0.91323459
-3.20691163	0.10600971	0.97983215
-0.77331959	2.65665639	0.69863946
-2.30075643	1.21375389	0.99404137
-0.34596685	2.12988060	0.99395955
-1.24293976	1.56462374	0.96316935
1.02199192	1.15203300	0.59231275
1.81915838	2.01672374	0.71338042
1.64196701	1.22050605	0.79770685
1.47040565	2.40090502	0.81774210
0.77809810	1.30558545	0.88302808
-1.48572301	1.22153615	0.73399640
-1.06044067	2.66879297	0.98426315
-1.65931448	1.44020310	0.98089356
-1.38649322	2.57463698	0.65027179
-1.78731288	0.65247847	0.98182341
-3.08210578	0.40355115	0.90486281
1.37161363	-0.65041310	0.93609449
-1.08098664	0.81896893	0.59157142
2.11017104	-0.09381070	0.49878210
1.22974841	1.71176297	0.93203846
-2.36310646	0.38681349	0.95945655
-0.95971115	0.62719062	0.93522556
2.46595672	0.82407614	0.82556100
2.26825842	0.66896775	0.09512658
0.46968182	2.12974820	0.53421776
-1.58304581	-0.08813167	0.77024620
1.46546724	0.33398192	0.84150693
-2.79154831	0.09103873	0.84062740
-0.18112495	1.89051875	0.49968478
-0.36831213	1.15881831	0.85340687
2.69594468	1.93909732	0.81130018
-2.09039799	0.87541744	0.94243779
-2.45791793	1.13628441	0.99042927
1.87238836	1.45741876	0.48804295
-1.76906891	1.95033638	0.94413699
-0.75330478	2.50294662	0.82739708
-0.55367256	2.27479530	0.96943036
1.49624865	0.48555751	0.16007059
2.01569140	0.37326456	0.31578074
3.13770688	0.65558083	0.76189759
2.12441879	2.86263474	0.92660324
2.17728044	0.37678925	0.65808320
2.02056166	0.49880847	0.76144241
0.23802947	3.21814150	0.94360517
3.00234191	0.94736806	0.55432595
-2.70368802	1.22662960	0.92598984
-1.83984450	0.11517723	0.94141657
-0.77195427	1.46405609	0.60665173
0.83634976	0.26081216	0.31736965
-1.94448512	1.46268026	0.94672211
-1.15408699	1.96221176	0.68703159
2.73317815	0.14265752	0.13631938
-1.62060490	1.57662383	0.80292383
1.91199440	0.60838039	0.89870197
-1.72032625	2.26207142	0.93963676
-3.14903646	0.12023153	0.99293118
0.17636368	1.55785521	0.65497241
1.56269417	1.58326872	0.80102074
-0.78746787	2.54525874	0.97544679
-2.23589681	0.33647519	0.97034802
1.93932148	1.68201920	0.26579120
-2.19381747	0.35596143	0.97306989
1.76949280	-0.02163699	0.51541370
-1.59332678	0.86727166	0.98716134
0.48553560	1.04853415	0.54407027
-1.53133982	1.76322029	0.89370012
-2.22137723	-0.10371009	0.95922332
-1.61449056	1.53481194	0.98886155
1.09270952	1.07095718	0.96511975
1.72553174	-0.50254262	0.76692248
-1.60492355	-0.17663476	0.86499771
-0.23774364	2.43039268	0.98351240
-0.13270497	1.47470664	0.98684084
1.96956448	0.87953851	0.41225941
-0.12608264	1.55610333	0.94767684
1.46628943	1.43696046	0.70223648
0.95510625	1.86830090	0.96498714
1.55651969	0.93826159	0.97899379
1.91591788	0.17198535	0.90181082
1.74242080	0.99214862	0.83774360
0.10221725	1.25990168	0.88524119
1.68439539	0.87741580	0.22930091
-1.24301640	0.77142450	0.92784290
-1.30781338	1.31556555	0.92006230
-1.92196573	1.56822811	0.94117747
-0.71298858	-0.20268795	0.83588429
-0.39647272	1.87888732	0.72257219
-1.54520473	1.33172643	0.84309173
1.20709470	0.62091847	0.87906569
-1.13474060	0.88188601	0.98529421
-0.56452715	2.04287211	0.76670939
-2.68717995	1.59440989	0.99470814
-2.60984293	0.53364995	0.79593076
-1.91489732	0.37113476	0.95769538
-1.99982217	2.01028099	0.97485224
2.01957508	3.31307875	0.84768978
1.56605811	0.05267104	0.65119400
-1.03690523	1.01549841	0.84265885
-1.18056359	1.35817468	0.99791388
1.10710642	1.21867511	0.44213735
2.01124157	0.73609521	0.68487156
-0.15288504	0.85775996	0.94349121
0.24645145	1.75247326	0.88145549
0.64907763	0.73317983	0.50911704
-0.09774725	1.66824834	0.71400083
-0.98068991	2.27396696	0.96852769
2.69983042	1.02986520	0.44151866
2.33205494	1.22411345	0.19608009
-1.15170002	1.53501790	0.95828546
2.62594211	1.17421954	0.68600373
2.19891989	1.32640982	0.85366314
-1.11032767	1.28166778	0.92669558
2.80220900	0.17971478	0.31852481
2.05413815	1.20889376	0.24859141
0.10858305	0.67207737	0.66216202
2.48671636	0.65032795	0.37603117
-1.26433231	1.96997747	0.99998365
0.44370485	1.50673596	0.78547268
1.80381555	1.23999590	0.52063483
1.37170788	1.96866915	0.97468919
-1.22313067	2.17242311	0.90324251
1.00283090	3.49126151	0.83183755
-2.30673548	1.42159286	0.76243861
-2.43870175	1.13098147	0.95325653
2.72095195	2.17351224	0.82874412
3.13745231	0.99706758	0.19947219
0.02370683	1.75325948	0.96348831
-0.13496046	0.13034619	0.90796537
0.81406595	2.03997233	0.88831329
-1.14753397	1.77000578	0.78253738
0.52180199	1.45980795	0.50242146
0.47348758	1.15134730	0.95203852
0.32913161	1.06889576	0.90815280
-1.38159647	2.71509806	0.96037525
-0.28999335	1.60036013	0.82355029
-2.21341132	2.21716488	0.84957367
-1.71152719	1.17998960	0.88843805
3.47952226	0.53124625	0.94746369
-0.24877249	2.67328898	0.74598070
-2.50806842	1.03138710	0.94897780
1.20509453	0.81794159	0.31593341
0.85278168	1.04318968	0.86909693
1.40112425	0.97996089	0.10136680
-1.09379181	0.49539699	0.78828961
0.34359810	0.95866546	0.89665152
0.31803163	3.19121738	0.92528990
-0.29785222	3.65941091	0.96900082
0.75274381	0.43636338	0.60208595
2.33048555	0.22872547	0.67782031
-1.32432927	0.64540233	0.91947424
-0.28299176	1.88613044	0.85838653
1.30322270	1.47992969	0.60643469
-0.77376481	2.06591126	0.76418198
-2.46832103	1.13030572	0.97600262
1.11988609	1.16496320	0.76454941
0.97544157	0.80966601	0.60706945
2.11047425	0.59817728	0.25332460
1.22563464	0.86054146	0.53687410
-2.82371560	0.21689239	0.88359957
0.61651079	0.37209578	0.83576769
-1.28500846	0.56140205	0.80597570
3.19242093	1.88857193	0.86003348
-0.86115016	2.27348637	0.58768749
1.22579650	0.17982026	0.63064169
-0.14353261	2.53583711	0.96050703
2.13503224	0.09705486	0.91035099
1.55148093	1.54627297	0.81657163
-0.15537436	2.32694620	0.95904568
2.76966521	1.25762707	0.25716920
1.20890140	1.23145949	0.59990546
-1.33122599	0.05971339	0.96610473
0.13096334	2.14414690	0.83224149
-0.06149668	1.60594814	0.68516196
-1.53180823	0.54105344	0.52260891
1.70250403	0.06101235	0.78745667
-1.32576909	0.24913048	0.98357310
-1.63600214	-0.52959551	0.67348357
-1.25682364	-0.25246140	0.65470963
-1.45741846	0.05747947	0.71088402
-1.81562708	2.48840315	0.98103488
-1.60306356	-1.10378112	0.68115371
0.04476423	0.76228243	0.78558405
2.05597863	-1.16944470	0.77109652
-0.50664966	0.18042882	0.93968635
2.42808397	1.01219678	0.75276969
1.07771768	1.53883935	0.90591979
3.21868052	1.79336921	0.78830285
1.05586824	2.49134857	0.65204412
-1.24014066	1.68531117	0.54238074
1.09521103	0.89139600	0.86180929
1.77263160	2.33391770	0.62456130
-2.02564445	0.95403285	0.96409914
1.83395146	1.52006748	0.74954689
-0.99435427	1.92186166	0.96740545
1.02440062	0.09136862	0.96678741
0.43005759	1.36125943	0.56646494
2.18588059	0.93479606	0.97568131
1.62511526	0.09370230	0.48231331
-0.28713060	2.03761959	0.95441107
3.90115857	-0.33845551	0.52471024
-1.66141010	2.78820926	0.92088034
-1.83145636	1.65597147	0.92112767
-0.62606934	1.96161218	0.68664863
-0.71270144	1.40887018	0.83729159
1.73798631	0.78227877	0.03064463
-2.91103610	0.69073674	0.50680114
1.26541438	-0.69607563	0.93203487
-2.06503971	0.28743199	0.85869325
-1.19447323	-1.31148075	0.93283933
-1.52831617	2.34311061	0.90702324
0.88163279	0.57736237	0.78520261
-2.10635570	0.43275863	0.85661006
-2.84093229	0.38854485	0.65367527
1.08543590	0.77436493	0.81343684
-2.03099049	0.02400865	0.85569728
2.10800025	2.31011084	0.90158095
0.13947111	1.94077525	0.65903299
0.61325825	0.76211951	0.82092318
-2.02620144	0.24044617	0.82025384
-1.62533381	-0.36735024	0.96012769
0.95070178	0.73293555	0.96695559
1.22547718	2.96293541	0.43482482
-0.81701465	1.00935757	0.76623535
-3.38281002	1.87034642	0.90540326
-2.06741968	0.11619548	0.89642433
-0.05653468	2.02258476	0.74373929
3.34034380	0.17776574	0.27733103
-1.19909883	1.00904916	0.98838053
1.80855746	0.90660385	0.71770816
3.77825562	-0.81851867	0.83691412
-0.68610028	-0.20113528	0.82865814
-2.58556643	-0.29262326	0.99765159
1.15633550	1.19328445	0.24281165
-0.66648562	2.01412818	0.73706959
-1.92240267	1.53611753	0.67818087
-0.64073624	-0.19740056	0.71590757
1.04681216	1.40307682	0.65962509
-0.72545345	2.53430321	0.99812433
-2.84042225	1.03265810	0.62513103
-1.44908822	-0.85882801	0.86010461
0.42970803	1.32688365	0.79821687
0.42589672	0.93021978	0.41390217
1.50037358	1.40311786	0.70549877
1.73136895	0.99075022	0.66868590
0.68504234	-0.59324939	0.53473928
1.91691642	2.17659620	0.34133660
-0.88016174	1.41759828	0.71115060
2.58749279	-0.06133750	0.64609085
-0.57846062	1.33077131	0.67072407
-2.30789118	1.98223756	0.99268084
1.43575406	1.99077006	0.99399668
-1.29477082	0.72130027	0.93427460
1.40058071	-1.01198413	0.13765558
-2.28773452	1.68096395	0.98087335
-2.00919835	1.59363346	0.76329478
1.63169475	1.27859766	0.77244046
1.62054144	0.20158741	0.64432505
0.17961172	3.23091198	0.98765723
0.65048781	2.80742851	0.80677750
2.19166674	-1.05484005	0.86838786
-1.09024419	2.10632672	0.87534622
2.43889855	0.29825319	0.49859040
-1.43423746	2.13437617	0.91674652
2.94007371	1.01137094	0.88526715
1.86948934	0.70254193	0.37940003
-1.78592780	2.40883266	0.94414679
1.82853882	0.96229527	0.67926814
1.30597041	1.78979342	0.78865266
0.71324071	2.51797814	0.89545258
2.54409454	0.96642021	0.99568514
-1.69040103	-0.42280068	0.95711702
1.29088803	-0.34830423	0.93644373
-0.49006617	2.02888787	0.95047857
-2.39685707	2.38270273	0.90437995
2.05598300	2.41823311	0.36390932
-2.34464056	-0.82372930	0.97002027
-1.59224053	0.89463975	0.86798125
0.92106753	1.42515672	0.82132460
0.38996654	1.11152773	0.66482720
1.88294290	-1.33893582	0.22794592
0.52636736	1.12715215	0.91763481
-1.41644850	0.68087770	0.78273652
-2.74457066	-0.98681361	0.86957135
1.46098268	1.41227017	0.74420009
-1.18210614	-0.71316988	0.86131224
2.39501082	0.52078965	0.38065034
3.28491429	-0.70953173	0.07458672
-1.49067379	1.32440595	0.83551421
-0.62309001	2.68930261	0.96985494
1.02839846	0.84373469	0.06401933
-0.91718872	2.38583834	0.48771347
-2.46950928	1.00989437	0.99692436
0.75202579	0.50448802	0.19027014
1.63511951	0.44575229	0.17161911
1.62945735	-0.07187407	0.36204151
1.59270021	-0.04111252	0.29968512
0.44576712	2.09466413	0.92572759
-2.67065065	0.01179920	0.88746125
0.23501313	1.89893399	0.99835734
-1.24091577	2.48975899	0.82387775
2.01941931	2.73296853	0.83318924
-1.68687392	0.57701653	0.95460339
0.79511483	0.03779241	0.56906141
-1.80117706	0.33643092	0.55835831
1.18937535	1.55590294	0.24155343
0.53609330	3.10851128	0.96552491
-1.24026016	-0.04546037	0.79204704
1.82870175	0.17612831	0.91834946
0.36791510	1.95715619	0.97821432
-1.25201980	-0.30815489	0.98762681
-0.67589500	1.89508749	0.86531728
-1.14529309	1.64590101	0.85896862
-0.99868427	1.50488329	0.81744558
-2.13141372	-0.63908086	0.62408351
0.60606313	1.13534602	0.85131284
-1.10950756	1.34548269	0.44457521
1.31345408	2.49215644	0.82375512
-1.31030676	0.69507781	0.92577142
-1.11006716	3.75504564	0.88381948
0.06928827	1.19925590	0.93617226
-0.88340933	2.19302763	0.99296338
-0.29913073	1.49012628	0.98593798
3.47723907	1.72987954	0.89203146
-3.79724238	0.18119670	0.88074622
2.31720469	-0.19005150	0.92296313
-0.42468917	2.29237113	0.74807929
1.46474280	2.49868189	0.86888530
-1.56856980	1.09647826	0.73665434
0.66069122	2.44041672	0.86164515
-2.08522211	0.93716379	0.98852756
1.81160940	1.02171154	0.41298973
-1.44745640	1.11455778	0.95933592
0.41029764	2.65017278	0.98326539
1.95949584	-0.98266957	0.20291069
2.47671662	1.10348884	0.69643770
-1.09011274	1.89231333	0.97898141
-0.52469418	1.08822674	0.74097480
-1.97085279	0.88823505	0.87485673
0.63515854	1.19196036	0.55673450
1.37034002	1.13033416	0.78857228
-1.13545655	0.98303931	0.86928737
-1.12108032	1.70546551	0.96011271
0.13618631	0.91799758	0.98532303
-0.08660310	2.14167087	0.83633212
-1.54768731	1.91208025	0.88954819
-0.48567183	3.41771062	0.92022623
-1.03602681	2.27330249	0.76758854
1.36730400	1.61324761	0.37251253
2.37323183	1.11281400	0.28178237
2.31798854	0.88266207	0.32946675
-1.38089379	1.94011006	0.84312906
-1.74020337	0.03509287	0.89215584
1.96757403	-0.66709449	0.67246019
1.24892777	-0.62873968	0.50890093
0.72196318	0.74259660	0.39492378
1.89619963	1.25993384	0.70066389
-0.63322278	2.17084360	0.97509563
1.67124999	0.48506918	0.62195445
-2.25984530	0.08715764	0.97271592
1.32607085	1.63629347	0.66023709
-1.84007033	0.31128565	0.97745370
-0.67591830	1.70617449	0.73450577
-1.65377269	2.30642222	0.67835160
-0.87006539	0.62921391	0.92778309
-2.01709541	0.30580922	0.90953093
-2.31517589	2.72201963	0.89533145
-1.86466325	0.88940528	0.56692705
1.34607381	2.89805092	0.76197532
-2.38962365	1.18492952	0.94305300
1.66387713	0.94754723	0.86897374
1.38796893	-0.01683470	0.80884517
-3.03271105	1.00187588	0.98490558
1.84901205	1.57242859	0.96593951
0.13486622	2.64463286	0.88237486
0.79652324	1.59172896	0.91749885
-0.78506657	2.55536011	0.87577113
-1.14122558	1.25655015	0.88365356
0.90036051	1.28401252	0.78791492
0.68487268	1.60490232	0.99047621
-2.05455580	-0.26987286	0.85109619
0.21952372	1.91732600	0.55982501
-0.98810384	-0.24731764	0.98025624
-0.34957818	1.16564423	0.57454983
0.56565305	1.72750047	0.73355572
1.50780263	2.02970153	0.92728708
-1.67382324	-0.90106857	0.89874209
-0.58168762	-0.22516265	0.85055993
-0.83752791	1.08680406	0.91634329
1.79154130	0.94709568	0.63162961
2.28631626	-0.06955948	0.44229947
1.14451003	2.41186917	0.91105981
-2.47366902	0.54590797	0.91706419
-0.48354164	1.44085725	0.53694754
1.29690267	0.03341431	0.46041622
2.04848678	0.98342077	0.21475846
-0.57627959	2.78673032	0.83323024
0.40401469	1.32242928	0.82501838
0.40954169	2.56945124	0.99227615
3.20170311	-0.88112417	0.62107177
-1.73528389	-0.46316113	0.97414157
0.69627930	0.61687073	0.62367917
-1.73683799	-0.02973507	0.76131868
-0.77883016	1.71908740	0.89651839
1.00128164	2.07658473	0.78543020
1.47058382	1.09787281	0.55802494
-0.43955039	1.59353772	0.72510188
1.25537619	2.61849001	0.57845728
1.28662924	2.54340719	0.70300928
0.76109391	0.99165390	0.91635581
-0.38481531	1.69165518	0.69959212
-1.01023698	0.84611096	0.76704377
-3.63619781	0.61061454	0.89877535
1.62314922	1.30432121	0.85738979
0.17761883	2.31140270	0.61920625
-0.35914884	0.20920865	0.57353109
-1.06422615	2.29530166	0.95877135
0.84796592	1.31751968	0.77838493
0.75029771	2.26074176	0.86390919
1.64784274	0.30174851	0.47781328
2.53972616	-0.69444140	0.71213163
0.34246493	3.20876153	0.96290631
1.21227458	0.68507904	0.86170680
0.85968370	1.62102966	0.57578024
0.69458863	2.09646686	0.96219071
-1.61410087	2.10631389	0.85156526
2.12144492	0.45678262	0.51767862
1.98705690	1.37416105	0.53623656
-2.94317261	0.93321982	0.97784911
-2.42540673	0.40395657	0.99128315
-1.97651210	1.67834028	0.99124244
2.02973612	1.97404103	0.57761799
2.51098456	1.47221899	0.67595401
1.41123535	-0.34928738	0.91436266
2.06519100	-0.49935312	0.76429998
0.69158557	0.64064391	0.43722985
-1.14511946	1.59144788	0.96158824
-1.42645947	1.82896349	0.90534418
-2.49530992	0.06795139	0.99981276
-1.64150507	0.77739971	0.98563568
0.17205565	1.49580892	0.96867649
-2.74456699	0.19534277	0.92988014
-1.99521082	0.13053346	0.80350326
2.36027519	0.27894887	0.23909079
0.73969993	2.71580685	0.88745469
0.48315144	0.03357738	0.18925564
0.57757744	2.49307512	0.99418681
-1.31853481	-0.33403395	0.95696792
-2.42957806	-0.52806120	0.91818428
1.45409190	1.53829491	0.89613529
-0.76773292	2.99341328	0.93117471
-0.48333719	1.49021113	0.84479948
-2.55465472	0.53629966	0.68085916
2.07237272	3.05218958	0.74851431
2.27620703	1.91676126	0.83622964
1.78023390	1.13977360	0.73531743
-0.12825221	2.29391109	0.99143519
-1.44682506	2.12529914	0.87766825
-1.06132582	-0.68390886	0.90146846
-2.21163057	0.41977529	0.84810517
0.64793913	1.83247299	0.95857167
1.56960209	2.28344237	0.51372068
-1.33063629	0.65939272	0.83166268
-0.25480316	2.88720620	0.71421469
0.67284989	2.80012006	0.68773922
-1.23720196	0.81188690	0.62609522
1.56368899	2.95147732	0.58744371
2.31391131	-0.63155639	0.86293291
-1.97466330	1.21908327	0.92605996
-1.38820204	-0.82382269	0.93140285
-1.09482417	2.16738346	0.82266833
-1.08463189	1.05877710	0.97666569
1.31502500	0.53686188	0.83001265
-1.96555353	0.86183648	0.99138633
